{
 "cells": [
  {
   "cell_type": "code",
   "execution_count": 22,
   "id": "6447ef43-491b-4c97-a65b-0ad7534932cc",
   "metadata": {},
   "outputs": [],
   "source": [
    "import pandas as pd\n",
    "import numpy as np\n",
    "from pprint import pprint"
   ]
  },
  {
   "cell_type": "code",
   "execution_count": 23,
   "id": "147f6320-5c35-4123-9767-0807b1ca1873",
   "metadata": {},
   "outputs": [],
   "source": [
    "from classes_ico import Vehicle, Customer, VRPTW\n",
    "from loading_models import load_solomon, create_vrptw\n",
    "from loading_models import CUSTOMER_DIR, DEPOTS_DIR, VEHICLES_DIR, DEPOTS_DISTANCES_DIR, CUSTOMER_DISTANCES_DIR\n",
    "from solution import solution_checker, list_routes_to_sol"
   ]
  },
  {
   "cell_type": "code",
   "execution_count": 6,
   "id": "d8caaa76-d843-4763-a9a6-af0f76709511",
   "metadata": {},
   "outputs": [
    {
     "data": {
      "text/plain": [
       "array([[ 0.        , 15.23154621, 18.        , 22.36067977, 25.        ,\n",
       "        20.61552813, 11.18033989, 21.21320344, 26.2488095 , 32.01562119,\n",
       "        25.49509757, 33.54101966, 15.        , 11.18033989, 32.01562119,\n",
       "        30.41381265, 29.15475947, 30.41381265, 15.8113883 , 32.01562119,\n",
       "        31.6227766 , 18.02775638, 26.92582404, 36.05551275, 30.        ,\n",
       "        33.54101966],\n",
       "       [15.23154621,  0.        , 32.55764119, 14.56021978, 32.20248438,\n",
       "        32.20248438, 24.8394847 , 21.02379604, 31.57530681, 17.80449381,\n",
       "        15.55634919, 26.40075756, 16.64331698, 26.40075756, 46.87216658,\n",
       "        45.35416188, 42.44997055, 40.70626487, 22.84731932, 28.23118843,\n",
       "        16.4924225 , 29.27456234, 39.20459157, 46.17358552, 27.78488798,\n",
       "        37.64306045],\n",
       "       [18.        , 32.55764119,  0.        , 34.40930107, 20.22374842,\n",
       "        23.85372088, 16.40121947, 36.24913792, 36.06937759, 47.42362281,\n",
       "        43.28972164, 50.28916384, 23.43074903,  9.43398113, 21.1896201 ,\n",
       "        13.        , 25.17935662, 32.69556545, 27.45906044, 47.42362281,\n",
       "        49.03060269, 10.44030651, 12.20655562, 23.32380758, 34.98571137,\n",
       "        30.14962686],\n",
       "       [22.36067977, 14.56021978, 34.40930107,  0.        , 25.        ,\n",
       "        42.72001873, 33.54101966, 35.35533906, 45.04442252, 15.        ,\n",
       "        29.15475947, 40.31128874, 11.18033989, 32.01562119, 53.15072906,\n",
       "        47.16990566, 51.4781507 , 52.20153254, 35.35533906, 42.72001873,\n",
       "        22.36067977, 26.92582404, 36.40054945, 40.        , 14.14213562,\n",
       "        26.92582404],\n",
       "       [25.        , 32.20248438, 20.22374842, 25.        ,  0.        ,\n",
       "        41.23105626, 31.6227766 , 46.09772229, 50.53711507, 40.        ,\n",
       "        47.16990566, 57.00877125, 15.8113883 , 25.49509757, 41.23105626,\n",
       "        29.15475947, 45.        , 50.99019514, 40.31128874, 56.56854249,\n",
       "        46.09772229, 10.        , 14.14213562, 15.        , 18.02775638,\n",
       "        10.        ],\n",
       "       [20.61552813, 32.20248438, 23.85372088, 42.72001873, 41.23105626,\n",
       "         0.        , 10.        , 20.61552813, 13.92838828, 50.        ,\n",
       "        33.54101966, 35.35533906, 35.35533906, 15.8113883 , 20.        ,\n",
       "        29.15475947, 11.18033989, 10.        , 11.18033989, 30.        ,\n",
       "        46.09772229, 31.6227766 , 36.05551275, 47.16990566, 50.24937811,\n",
       "        50.99019514],\n",
       "       [11.18033989, 24.8394847 , 16.40121947, 33.54101966, 31.6227766 ,\n",
       "        10.        ,  0.        , 20.61552813, 19.84943324, 42.42640687,\n",
       "        30.41381265, 35.35533906, 25.49509757,  7.07106781, 22.36067977,\n",
       "        25.49509757, 18.02775638, 20.        , 11.18033989, 31.6227766 ,\n",
       "        40.31128874, 22.36067977, 28.28427125, 39.05124838, 40.31128874,\n",
       "        41.23105626],\n",
       "       [21.21320344, 21.02379604, 36.24913792, 35.35533906, 46.09772229,\n",
       "        20.61552813, 20.61552813,  0.        , 12.20655562, 36.40054945,\n",
       "        14.14213562, 15.        , 33.54101966, 26.92582404, 40.31128874,\n",
       "        46.09772229, 31.6227766 , 25.        , 10.        , 11.18033989,\n",
       "        29.15475947, 39.05124838, 47.16990566, 57.00877125, 47.4341649 ,\n",
       "        54.08326913],\n",
       "       [26.2488095 , 31.57530681, 36.06937759, 45.04442252, 50.53711507,\n",
       "        13.92838828, 19.84943324, 12.20655562,  0.        , 48.10405388,\n",
       "        26.2488095 , 24.16609195, 40.79215611, 26.90724809, 33.37663854,\n",
       "        42.94182111, 23.        , 13.92838828, 10.44030651, 17.72004515,\n",
       "        41.34005322, 41.88078318, 48.10405388, 58.89821729, 55.57877293,\n",
       "        59.61543424],\n",
       "       [32.01562119, 17.80449381, 47.42362281, 15.        , 40.        ,\n",
       "        50.        , 42.42640687, 36.40054945, 48.10405388,  0.        ,\n",
       "        25.        , 35.35533906, 25.49509757, 43.01162634, 64.03124237,\n",
       "        60.41522987, 60.20797289, 58.30951895, 40.31128874, 40.        ,\n",
       "        11.18033989, 41.23105626, 50.99019514, 55.        , 26.92582404,\n",
       "        41.23105626],\n",
       "       [25.49509757, 15.55634919, 43.28972164, 29.15475947, 47.16990566,\n",
       "        33.54101966, 30.41381265, 14.14213562, 26.2488095 , 25.        ,\n",
       "         0.        , 11.18033989, 32.01562119, 35.        , 52.20153254,\n",
       "        55.        , 44.72135955, 39.05124838, 22.36067977, 15.        ,\n",
       "        15.8113883 , 42.72001873, 52.20153254, 60.41522987, 43.01162634,\n",
       "        53.15072906],\n",
       "       [33.54101966, 26.40075756, 50.28916384, 40.31128874, 57.00877125,\n",
       "        35.35533906, 35.35533906, 15.        , 24.16609195, 35.35533906,\n",
       "        11.18033989,  0.        , 42.42640687, 41.23105626, 55.22680509,\n",
       "        60.8276253 , 46.09772229, 38.07886553, 25.        ,  7.07106781,\n",
       "        25.        , 51.4781507 , 60.41522987, 69.46221995, 54.08326913,\n",
       "        63.63961031],\n",
       "       [15.        , 16.64331698, 23.43074903, 11.18033989, 15.8113883 ,\n",
       "        35.35533906, 25.49509757, 33.54101966, 40.79215611, 25.49509757,\n",
       "        32.01562119, 42.42640687,  0.        , 22.36067977, 43.01162634,\n",
       "        36.05551275, 42.72001873, 45.27692569, 30.41381265, 43.01162634,\n",
       "        30.41381265, 15.8113883 , 25.49509757, 30.41381265, 15.        ,\n",
       "        21.21320344],\n",
       "       [11.18033989, 26.40075756,  9.43398113, 32.01562119, 25.49509757,\n",
       "        15.8113883 ,  7.07106781, 26.92582404, 26.90724809, 43.01162634,\n",
       "        35.        , 41.23105626, 22.36067977,  0.        , 21.21320344,\n",
       "        20.        , 20.61552813, 25.49509757, 18.02775638, 38.07886553,\n",
       "        42.72001873, 15.8113883 , 21.21320344, 32.01562119, 36.40054945,\n",
       "        35.35533906],\n",
       "       [32.01562119, 46.87216658, 21.1896201 , 53.15072906, 41.23105626,\n",
       "        20.        , 22.36067977, 40.31128874, 33.37663854, 64.03124237,\n",
       "        52.20153254, 55.22680509, 43.01162634, 21.21320344,  0.        ,\n",
       "        15.8113883 , 11.18033989, 22.36067977, 30.41381265, 50.        ,\n",
       "        62.64982043, 31.6227766 , 30.        , 40.31128874, 55.90169944,\n",
       "        50.99019514],\n",
       "       [30.41381265, 45.35416188, 13.        , 47.16990566, 29.15475947,\n",
       "        29.15475947, 25.49509757, 46.09772229, 42.94182111, 60.41522987,\n",
       "        55.        , 60.8276253 , 36.05551275, 20.        , 15.8113883 ,\n",
       "         0.        , 25.        , 35.35533906, 36.40054945, 57.00877125,\n",
       "        61.84658438, 21.21320344, 15.8113883 , 25.        , 46.09772229,\n",
       "        38.07886553],\n",
       "       [29.15475947, 42.44997055, 25.17935662, 51.4781507 , 45.        ,\n",
       "        11.18033989, 18.02775638, 31.6227766 , 23.        , 60.20797289,\n",
       "        44.72135955, 46.09772229, 42.72001873, 20.61552813, 11.18033989,\n",
       "        25.        ,  0.        , 11.18033989, 22.36067977, 40.31128874,\n",
       "        57.00877125, 35.        , 36.40054945, 47.4341649 , 57.00877125,\n",
       "        55.        ],\n",
       "       [30.41381265, 40.70626487, 32.69556545, 52.20153254, 50.99019514,\n",
       "        10.        , 20.        , 25.        , 13.92838828, 58.30951895,\n",
       "        39.05124838, 38.07886553, 45.27692569, 25.49509757, 22.36067977,\n",
       "        35.35533906, 11.18033989,  0.        , 18.02775638, 31.6227766 ,\n",
       "        53.15072906, 41.23105626, 44.72135955, 55.90169944, 60.20797289,\n",
       "        60.8276253 ],\n",
       "       [15.8113883 , 22.84731932, 27.45906044, 35.35533906, 40.31128874,\n",
       "        11.18033989, 11.18033989, 10.        , 10.44030651, 40.31128874,\n",
       "        22.36067977, 25.        , 30.41381265, 18.02775638, 30.41381265,\n",
       "        36.40054945, 22.36067977, 18.02775638,  0.        , 20.61552813,\n",
       "        35.35533906, 32.01562119, 39.05124838, 49.49747468, 45.27692569,\n",
       "        49.24428901],\n",
       "       [32.01562119, 28.23118843, 47.42362281, 42.72001873, 56.56854249,\n",
       "        30.        , 31.6227766 , 11.18033989, 17.72004515, 40.        ,\n",
       "        15.        ,  7.07106781, 43.01162634, 38.07886553, 50.        ,\n",
       "        57.00877125, 40.31128874, 31.6227766 , 20.61552813,  0.        ,\n",
       "        30.41381265, 50.        , 58.30951895, 68.00735254, 55.90169944,\n",
       "        64.03124237],\n",
       "       [31.6227766 , 16.4924225 , 49.03060269, 22.36067977, 46.09772229,\n",
       "        46.09772229, 40.31128874, 29.15475947, 41.34005322, 11.18033989,\n",
       "        15.8113883 , 25.        , 30.41381265, 42.72001873, 62.64982043,\n",
       "        61.84658438, 57.00877125, 53.15072906, 35.35533906, 30.41381265,\n",
       "         0.        , 45.        , 55.        , 60.8276253 , 36.05551275,\n",
       "        49.24428901],\n",
       "       [18.02775638, 29.27456234, 10.44030651, 26.92582404, 10.        ,\n",
       "        31.6227766 , 22.36067977, 39.05124838, 41.88078318, 41.23105626,\n",
       "        42.72001873, 51.4781507 , 15.8113883 , 15.8113883 , 31.6227766 ,\n",
       "        21.21320344, 35.        , 41.23105626, 32.01562119, 50.        ,\n",
       "        45.        ,  0.        , 10.        , 18.02775638, 25.        ,\n",
       "        20.        ],\n",
       "       [26.92582404, 39.20459157, 12.20655562, 36.40054945, 14.14213562,\n",
       "        36.05551275, 28.28427125, 47.16990566, 48.10405388, 50.99019514,\n",
       "        52.20153254, 60.41522987, 25.49509757, 21.21320344, 30.        ,\n",
       "        15.8113883 , 36.40054945, 44.72135955, 39.05124838, 58.30951895,\n",
       "        55.        , 10.        ,  0.        , 11.18033989, 32.01562119,\n",
       "        22.36067977],\n",
       "       [36.05551275, 46.17358552, 23.32380758, 40.        , 15.        ,\n",
       "        47.16990566, 39.05124838, 57.00877125, 58.89821729, 55.        ,\n",
       "        60.41522987, 69.46221995, 30.41381265, 32.01562119, 40.31128874,\n",
       "        25.        , 47.4341649 , 55.90169944, 49.49747468, 68.00735254,\n",
       "        60.8276253 , 18.02775638, 11.18033989,  0.        , 31.6227766 ,\n",
       "        18.02775638],\n",
       "       [30.        , 27.78488798, 34.98571137, 14.14213562, 18.02775638,\n",
       "        50.24937811, 40.31128874, 47.4341649 , 55.57877293, 26.92582404,\n",
       "        43.01162634, 54.08326913, 15.        , 36.40054945, 55.90169944,\n",
       "        46.09772229, 57.00877125, 60.20797289, 45.27692569, 55.90169944,\n",
       "        36.05551275, 25.        , 32.01562119, 31.6227766 ,  0.        ,\n",
       "        15.        ],\n",
       "       [33.54101966, 37.64306045, 30.14962686, 26.92582404, 10.        ,\n",
       "        50.99019514, 41.23105626, 54.08326913, 59.61543424, 41.23105626,\n",
       "        53.15072906, 63.63961031, 21.21320344, 35.35533906, 50.99019514,\n",
       "        38.07886553, 55.        , 60.8276253 , 49.24428901, 64.03124237,\n",
       "        49.24428901, 20.        , 22.36067977, 18.02775638, 15.        ,\n",
       "         0.        ]])"
      ]
     },
     "execution_count": 6,
     "metadata": {},
     "output_type": "execute_result"
    }
   ],
   "source": [
    "vrptw = load_solomon('R101.csv', nb_cust=25)\n",
    "vrptw.time_matrix"
   ]
  },
  {
   "cell_type": "code",
   "execution_count": 25,
   "id": "43130527-2f28-4d80-b378-d511bc1e2b42",
   "metadata": {},
   "outputs": [],
   "source": [
    "sol_pool = [[[0, 9, 20, 1, 0], [0, 11, 19, 10, 0], [0, 14, 15, 13, 0], [0, 12, 22, 4, 25, 0], [0, 5, 16, 6, 0], [0, 7, 8, 17, 0], [0, 2, 21, 0], [0, 18, 0], [0, 23, 3, 24, 0]], [[0, 5, 16, 6, 0], [0, 11, 19, 10, 0], [0, 14, 15, 13, 0], [0, 23, 22, 4, 0], [0, 9, 20, 1, 0], [0, 2, 21, 0], [0, 7, 8, 17, 0], [0, 18, 0], [0, 12, 3, 24, 25, 0]], [[0, 5, 16, 6, 0], [0, 11, 19, 10, 0], [0, 14, 15, 13, 0], [0, 23, 22, 4, 0], [0, 9, 20, 1, 0], [0, 2, 21, 0], [0, 7, 8, 17, 0], [0, 18, 0], [0, 12, 3, 24, 25, 0]], [[0, 5, 16, 6, 0], [0, 12, 9, 10, 0], [0, 14, 15, 13, 0], [0, 23, 3, 4, 0], [0, 2, 21, 22, 24, 25, 0], [0, 7, 8, 17, 0], [0, 18, 0], [0, 11, 19, 20, 1, 0]], [[0, 5, 16, 6, 0], [0, 11, 19, 10, 0], [0, 14, 15, 0], [0, 23, 3, 24, 25, 0], [0, 2, 21, 22, 4, 0], [0, 7, 8, 17, 0], [0, 18, 13, 0], [0, 12, 9, 20, 1, 0]], [[0, 5, 16, 6, 0], [0, 11, 19, 10, 0], [0, 14, 7, 8, 13, 0], [0, 23, 22, 24, 25, 0], [0, 2, 21, 3, 4, 0], [0, 15, 17, 0], [0, 18, 20, 1, 0], [0, 12, 9, 0]], [[0, 5, 1, 9, 20, 0], [0, 11, 19, 10, 0], [0, 14, 15, 13, 0], [0, 23, 22, 0], [0, 18, 6, 0], [0, 7, 8, 17, 0], [0, 2, 21, 0], [0, 16, 4, 25, 0], [0, 12, 3, 24, 0]], [[0, 5, 16, 6, 0], [0, 12, 9, 20, 0], [0, 14, 15, 13, 0], [0, 23, 22, 4, 0], [0, 2, 21, 3, 24, 25, 0], [0, 7, 8, 17, 0], [0, 18, 0], [0, 11, 19, 10, 1, 0]], [[0, 5, 1, 9, 20, 0], [0, 11, 19, 10, 0], [0, 14, 15, 13, 0], [0, 23, 3, 4, 25, 0], [0, 18, 6, 0], [0, 7, 8, 17, 0], [0, 2, 21, 0], [0, 16, 0], [0, 12, 22, 24, 0]], [[0, 5, 18, 6, 0], [0, 11, 19, 10, 0], [0, 14, 15, 13, 0], [0, 2, 21, 3, 4, 0], [0, 23, 22, 24, 25, 0], [0, 7, 8, 17, 0], [0, 16, 0], [0, 12, 9, 20, 1, 0]]]\n",
    "solutions = [list_routes_to_sol(sol) for sol in sol_pool]"
   ]
  },
  {
   "cell_type": "code",
   "execution_count": 26,
   "id": "e19581e6-ff7f-49a4-bbd3-42af3b6adc21",
   "metadata": {},
   "outputs": [
    {
     "name": "stdout",
     "output_type": "stream",
     "text": [
      "\n",
      "This customer's id is 0, its code_customer is 0, its latitude is 35, its longitude is 35, its time window is (0, 230), its volume requested is 0,its weight requested is 0, its time service is 0.\n",
      "weight_cust is 0 and volume_cust is 0\n",
      "This customer's id is 9, its code_customer is 9, its latitude is 55, its longitude is 60, its time window is (97, 107), its volume requested is 0,its weight requested is 16, its time service is 10.\n",
      "weight_cust is 16 and volume_cust is 0\n",
      "This customer's id is 20, its code_customer is 20, its latitude is 45, its longitude is 65, its time window is (126, 136), its volume requested is 0,its weight requested is 9, its time service is 10.\n",
      "weight_cust is 25 and volume_cust is 0\n",
      "This customer's id is 1, its code_customer is 1, its latitude is 41, its longitude is 49, its time window is (10, 171), its volume requested is 0,its weight requested is 10, its time service is 10.\n",
      "weight_cust is 35 and volume_cust is 0\n",
      "This customer's id is 0, its code_customer is 0, its latitude is 35, its longitude is 35, its time window is (0, 230), its volume requested is 0,its weight requested is 0, its time service is 0.\n",
      "weight_cust is 35 and volume_cust is 0\n",
      "200.0 9223372036854775807 35 0\n",
      "The vehicle gets there before the beginning of the time window\n",
      "False\n",
      "\n",
      "This customer's id is 0, its code_customer is 0, its latitude is 35, its longitude is 35, its time window is (0, 230), its volume requested is 0,its weight requested is 0, its time service is 0.\n",
      "weight_cust is 0 and volume_cust is 0\n",
      "This customer's id is 5, its code_customer is 5, its latitude is 15, its longitude is 30, its time window is (34, 44), its volume requested is 0,its weight requested is 26, its time service is 10.\n",
      "weight_cust is 26 and volume_cust is 0\n",
      "This customer's id is 16, its code_customer is 16, its latitude is 10, its longitude is 20, its time window is (75, 85), its volume requested is 0,its weight requested is 19, its time service is 10.\n",
      "weight_cust is 45 and volume_cust is 0\n",
      "This customer's id is 6, its code_customer is 6, its latitude is 25, its longitude is 30, its time window is (99, 109), its volume requested is 0,its weight requested is 3, its time service is 10.\n",
      "weight_cust is 48 and volume_cust is 0\n",
      "This customer's id is 0, its code_customer is 0, its latitude is 35, its longitude is 35, its time window is (0, 230), its volume requested is 0,its weight requested is 0, its time service is 0.\n",
      "weight_cust is 48 and volume_cust is 0\n",
      "200.0 9223372036854775807 48 0\n",
      "The vehicle gets there before the beginning of the time window\n",
      "False\n",
      "\n",
      "This customer's id is 0, its code_customer is 0, its latitude is 35, its longitude is 35, its time window is (0, 230), its volume requested is 0,its weight requested is 0, its time service is 0.\n",
      "weight_cust is 0 and volume_cust is 0\n",
      "This customer's id is 5, its code_customer is 5, its latitude is 15, its longitude is 30, its time window is (34, 44), its volume requested is 0,its weight requested is 26, its time service is 10.\n",
      "weight_cust is 26 and volume_cust is 0\n",
      "This customer's id is 16, its code_customer is 16, its latitude is 10, its longitude is 20, its time window is (75, 85), its volume requested is 0,its weight requested is 19, its time service is 10.\n",
      "weight_cust is 45 and volume_cust is 0\n",
      "This customer's id is 6, its code_customer is 6, its latitude is 25, its longitude is 30, its time window is (99, 109), its volume requested is 0,its weight requested is 3, its time service is 10.\n",
      "weight_cust is 48 and volume_cust is 0\n",
      "This customer's id is 0, its code_customer is 0, its latitude is 35, its longitude is 35, its time window is (0, 230), its volume requested is 0,its weight requested is 0, its time service is 0.\n",
      "weight_cust is 48 and volume_cust is 0\n",
      "200.0 9223372036854775807 48 0\n",
      "The vehicle gets there before the beginning of the time window\n",
      "False\n",
      "\n",
      "This customer's id is 0, its code_customer is 0, its latitude is 35, its longitude is 35, its time window is (0, 230), its volume requested is 0,its weight requested is 0, its time service is 0.\n",
      "weight_cust is 0 and volume_cust is 0\n",
      "This customer's id is 5, its code_customer is 5, its latitude is 15, its longitude is 30, its time window is (34, 44), its volume requested is 0,its weight requested is 26, its time service is 10.\n",
      "weight_cust is 26 and volume_cust is 0\n",
      "This customer's id is 16, its code_customer is 16, its latitude is 10, its longitude is 20, its time window is (75, 85), its volume requested is 0,its weight requested is 19, its time service is 10.\n",
      "weight_cust is 45 and volume_cust is 0\n",
      "This customer's id is 6, its code_customer is 6, its latitude is 25, its longitude is 30, its time window is (99, 109), its volume requested is 0,its weight requested is 3, its time service is 10.\n",
      "weight_cust is 48 and volume_cust is 0\n",
      "This customer's id is 0, its code_customer is 0, its latitude is 35, its longitude is 35, its time window is (0, 230), its volume requested is 0,its weight requested is 0, its time service is 0.\n",
      "weight_cust is 48 and volume_cust is 0\n",
      "200.0 9223372036854775807 48 0\n",
      "The vehicle gets there before the beginning of the time window\n",
      "False\n",
      "\n",
      "This customer's id is 0, its code_customer is 0, its latitude is 35, its longitude is 35, its time window is (0, 230), its volume requested is 0,its weight requested is 0, its time service is 0.\n",
      "weight_cust is 0 and volume_cust is 0\n",
      "This customer's id is 5, its code_customer is 5, its latitude is 15, its longitude is 30, its time window is (34, 44), its volume requested is 0,its weight requested is 26, its time service is 10.\n",
      "weight_cust is 26 and volume_cust is 0\n",
      "This customer's id is 16, its code_customer is 16, its latitude is 10, its longitude is 20, its time window is (75, 85), its volume requested is 0,its weight requested is 19, its time service is 10.\n",
      "weight_cust is 45 and volume_cust is 0\n",
      "This customer's id is 6, its code_customer is 6, its latitude is 25, its longitude is 30, its time window is (99, 109), its volume requested is 0,its weight requested is 3, its time service is 10.\n",
      "weight_cust is 48 and volume_cust is 0\n",
      "This customer's id is 0, its code_customer is 0, its latitude is 35, its longitude is 35, its time window is (0, 230), its volume requested is 0,its weight requested is 0, its time service is 0.\n",
      "weight_cust is 48 and volume_cust is 0\n",
      "200.0 9223372036854775807 48 0\n",
      "The vehicle gets there before the beginning of the time window\n",
      "False\n",
      "\n",
      "This customer's id is 0, its code_customer is 0, its latitude is 35, its longitude is 35, its time window is (0, 230), its volume requested is 0,its weight requested is 0, its time service is 0.\n",
      "weight_cust is 0 and volume_cust is 0\n",
      "This customer's id is 5, its code_customer is 5, its latitude is 15, its longitude is 30, its time window is (34, 44), its volume requested is 0,its weight requested is 26, its time service is 10.\n",
      "weight_cust is 26 and volume_cust is 0\n",
      "This customer's id is 16, its code_customer is 16, its latitude is 10, its longitude is 20, its time window is (75, 85), its volume requested is 0,its weight requested is 19, its time service is 10.\n",
      "weight_cust is 45 and volume_cust is 0\n",
      "This customer's id is 6, its code_customer is 6, its latitude is 25, its longitude is 30, its time window is (99, 109), its volume requested is 0,its weight requested is 3, its time service is 10.\n",
      "weight_cust is 48 and volume_cust is 0\n",
      "This customer's id is 0, its code_customer is 0, its latitude is 35, its longitude is 35, its time window is (0, 230), its volume requested is 0,its weight requested is 0, its time service is 0.\n",
      "weight_cust is 48 and volume_cust is 0\n",
      "200.0 9223372036854775807 48 0\n",
      "The vehicle gets there before the beginning of the time window\n",
      "False\n",
      "\n",
      "This customer's id is 0, its code_customer is 0, its latitude is 35, its longitude is 35, its time window is (0, 230), its volume requested is 0,its weight requested is 0, its time service is 0.\n",
      "weight_cust is 0 and volume_cust is 0\n",
      "This customer's id is 5, its code_customer is 5, its latitude is 15, its longitude is 30, its time window is (34, 44), its volume requested is 0,its weight requested is 26, its time service is 10.\n",
      "weight_cust is 26 and volume_cust is 0\n",
      "This customer's id is 1, its code_customer is 1, its latitude is 41, its longitude is 49, its time window is (10, 171), its volume requested is 0,its weight requested is 10, its time service is 10.\n",
      "weight_cust is 36 and volume_cust is 0\n",
      "This customer's id is 9, its code_customer is 9, its latitude is 55, its longitude is 60, its time window is (97, 107), its volume requested is 0,its weight requested is 16, its time service is 10.\n",
      "weight_cust is 52 and volume_cust is 0\n",
      "This customer's id is 20, its code_customer is 20, its latitude is 45, its longitude is 65, its time window is (126, 136), its volume requested is 0,its weight requested is 9, its time service is 10.\n",
      "weight_cust is 61 and volume_cust is 0\n",
      "This customer's id is 0, its code_customer is 0, its latitude is 35, its longitude is 35, its time window is (0, 230), its volume requested is 0,its weight requested is 0, its time service is 0.\n",
      "weight_cust is 61 and volume_cust is 0\n",
      "200.0 9223372036854775807 61 0\n",
      "The vehicle gets there before the beginning of the time window\n",
      "False\n",
      "\n",
      "This customer's id is 0, its code_customer is 0, its latitude is 35, its longitude is 35, its time window is (0, 230), its volume requested is 0,its weight requested is 0, its time service is 0.\n",
      "weight_cust is 0 and volume_cust is 0\n",
      "This customer's id is 5, its code_customer is 5, its latitude is 15, its longitude is 30, its time window is (34, 44), its volume requested is 0,its weight requested is 26, its time service is 10.\n",
      "weight_cust is 26 and volume_cust is 0\n",
      "This customer's id is 16, its code_customer is 16, its latitude is 10, its longitude is 20, its time window is (75, 85), its volume requested is 0,its weight requested is 19, its time service is 10.\n",
      "weight_cust is 45 and volume_cust is 0\n",
      "This customer's id is 6, its code_customer is 6, its latitude is 25, its longitude is 30, its time window is (99, 109), its volume requested is 0,its weight requested is 3, its time service is 10.\n",
      "weight_cust is 48 and volume_cust is 0\n",
      "This customer's id is 0, its code_customer is 0, its latitude is 35, its longitude is 35, its time window is (0, 230), its volume requested is 0,its weight requested is 0, its time service is 0.\n",
      "weight_cust is 48 and volume_cust is 0\n",
      "200.0 9223372036854775807 48 0\n",
      "The vehicle gets there before the beginning of the time window\n",
      "False\n",
      "\n",
      "This customer's id is 0, its code_customer is 0, its latitude is 35, its longitude is 35, its time window is (0, 230), its volume requested is 0,its weight requested is 0, its time service is 0.\n",
      "weight_cust is 0 and volume_cust is 0\n",
      "This customer's id is 5, its code_customer is 5, its latitude is 15, its longitude is 30, its time window is (34, 44), its volume requested is 0,its weight requested is 26, its time service is 10.\n",
      "weight_cust is 26 and volume_cust is 0\n",
      "This customer's id is 1, its code_customer is 1, its latitude is 41, its longitude is 49, its time window is (10, 171), its volume requested is 0,its weight requested is 10, its time service is 10.\n",
      "weight_cust is 36 and volume_cust is 0\n",
      "This customer's id is 9, its code_customer is 9, its latitude is 55, its longitude is 60, its time window is (97, 107), its volume requested is 0,its weight requested is 16, its time service is 10.\n",
      "weight_cust is 52 and volume_cust is 0\n",
      "This customer's id is 20, its code_customer is 20, its latitude is 45, its longitude is 65, its time window is (126, 136), its volume requested is 0,its weight requested is 9, its time service is 10.\n",
      "weight_cust is 61 and volume_cust is 0\n",
      "This customer's id is 0, its code_customer is 0, its latitude is 35, its longitude is 35, its time window is (0, 230), its volume requested is 0,its weight requested is 0, its time service is 0.\n",
      "weight_cust is 61 and volume_cust is 0\n",
      "200.0 9223372036854775807 61 0\n",
      "The vehicle gets there before the beginning of the time window\n",
      "False\n",
      "\n",
      "This customer's id is 0, its code_customer is 0, its latitude is 35, its longitude is 35, its time window is (0, 230), its volume requested is 0,its weight requested is 0, its time service is 0.\n",
      "weight_cust is 0 and volume_cust is 0\n",
      "This customer's id is 5, its code_customer is 5, its latitude is 15, its longitude is 30, its time window is (34, 44), its volume requested is 0,its weight requested is 26, its time service is 10.\n",
      "weight_cust is 26 and volume_cust is 0\n",
      "This customer's id is 18, its code_customer is 18, its latitude is 20, its longitude is 40, its time window is (87, 97), its volume requested is 0,its weight requested is 12, its time service is 10.\n",
      "weight_cust is 38 and volume_cust is 0\n",
      "This customer's id is 6, its code_customer is 6, its latitude is 25, its longitude is 30, its time window is (99, 109), its volume requested is 0,its weight requested is 3, its time service is 10.\n",
      "weight_cust is 41 and volume_cust is 0\n",
      "This customer's id is 0, its code_customer is 0, its latitude is 35, its longitude is 35, its time window is (0, 230), its volume requested is 0,its weight requested is 0, its time service is 0.\n",
      "weight_cust is 41 and volume_cust is 0\n",
      "200.0 9223372036854775807 41 0\n",
      "The vehicle gets there before the beginning of the time window\n",
      "False\n"
     ]
    }
   ],
   "source": [
    "for sol in solutions:\n",
    "    print(solution_checker(vrptw, sol))"
   ]
  },
  {
   "cell_type": "code",
   "execution_count": null,
   "id": "6c975101-996f-4d5a-a601-50a7165b9a0f",
   "metadata": {},
   "outputs": [],
   "source": [
    "cust = vrptw.customers[identifier]"
   ]
  },
  {
   "cell_type": "code",
   "execution_count": null,
   "id": "0035860d-fc7d-41e8-9adc-34a1dcce197b",
   "metadata": {},
   "outputs": [],
   "source": []
  },
  {
   "cell_type": "code",
   "execution_count": null,
   "id": "12e69e19-5826-454c-863c-5d561cc76329",
   "metadata": {},
   "outputs": [],
   "source": []
  },
  {
   "cell_type": "code",
   "execution_count": null,
   "id": "4528eb61-7c35-488e-8925-b44fe9c3b28e",
   "metadata": {},
   "outputs": [],
   "source": []
  },
  {
   "cell_type": "code",
   "execution_count": null,
   "id": "1fd1fd7d-5b2b-467c-82c9-153885090b6c",
   "metadata": {},
   "outputs": [],
   "source": []
  },
  {
   "cell_type": "code",
   "execution_count": null,
   "id": "7d7ca236-5742-448a-86db-be0f559400dd",
   "metadata": {},
   "outputs": [],
   "source": []
  },
  {
   "cell_type": "code",
   "execution_count": null,
   "id": "7d08c23a-5250-4442-b9db-2789a59a7c5c",
   "metadata": {},
   "outputs": [],
   "source": []
  },
  {
   "cell_type": "code",
   "execution_count": 33,
   "id": "9cb78678-97af-419e-9612-8830eb0e9a6e",
   "metadata": {},
   "outputs": [
    {
     "name": "stdout",
     "output_type": "stream",
     "text": [
      "[0,\n",
      " 1,\n",
      " 2,\n",
      " 3,\n",
      " 4,\n",
      " 5,\n",
      " 6,\n",
      " 7,\n",
      " 8,\n",
      " 9,\n",
      " 10,\n",
      " 11,\n",
      " 12,\n",
      " 13,\n",
      " 14,\n",
      " 15,\n",
      " 16,\n",
      " 17,\n",
      " 18,\n",
      " 19,\n",
      " 20,\n",
      " 21,\n",
      " 22,\n",
      " 23,\n",
      " 24,\n",
      " 25,\n",
      " 26,\n",
      " 27,\n",
      " 28,\n",
      " 29,\n",
      " 30,\n",
      " 31,\n",
      " 32,\n",
      " 33,\n",
      " 34,\n",
      " 35,\n",
      " 36,\n",
      " 37,\n",
      " 38,\n",
      " 39,\n",
      " 40,\n",
      " 41,\n",
      " 42,\n",
      " 43,\n",
      " 44,\n",
      " 45,\n",
      " 46,\n",
      " 47,\n",
      " 48,\n",
      " 49,\n",
      " 50,\n",
      " 51,\n",
      " 52,\n",
      " 53,\n",
      " 54,\n",
      " 55,\n",
      " 56,\n",
      " 57,\n",
      " 58,\n",
      " 59,\n",
      " 60,\n",
      " 61,\n",
      " 62,\n",
      " 63,\n",
      " 64,\n",
      " 65,\n",
      " 66,\n",
      " 67,\n",
      " 68,\n",
      " 69,\n",
      " 70,\n",
      " 71,\n",
      " 72,\n",
      " 73,\n",
      " 74,\n",
      " 75,\n",
      " 76,\n",
      " 77,\n",
      " 78,\n",
      " 79,\n",
      " 80,\n",
      " 81,\n",
      " 82,\n",
      " 83,\n",
      " 84,\n",
      " 85,\n",
      " 86,\n",
      " 87,\n",
      " 88,\n",
      " 89,\n",
      " 90,\n",
      " 91,\n",
      " 92,\n",
      " 93,\n",
      " 94,\n",
      " 95,\n",
      " 96,\n",
      " 97,\n",
      " 98,\n",
      " 99,\n",
      " 100,\n",
      " 101,\n",
      " 102,\n",
      " 103,\n",
      " 104,\n",
      " 105,\n",
      " 106,\n",
      " 107,\n",
      " 108,\n",
      " 109,\n",
      " 110,\n",
      " 111,\n",
      " 112,\n",
      " 113,\n",
      " 114,\n",
      " 115,\n",
      " 116,\n",
      " 117,\n",
      " 118,\n",
      " 119,\n",
      " 120,\n",
      " 121,\n",
      " 122,\n",
      " 123,\n",
      " 124,\n",
      " 125,\n",
      " 126,\n",
      " 127,\n",
      " 128,\n",
      " 129,\n",
      " 130,\n",
      " 131,\n",
      " 132,\n",
      " 133,\n",
      " 134,\n",
      " 135,\n",
      " 136,\n",
      " 137,\n",
      " 138,\n",
      " 139,\n",
      " 140,\n",
      " 141,\n",
      " 142,\n",
      " 143,\n",
      " 144,\n",
      " 145,\n",
      " 146,\n",
      " 147,\n",
      " 148,\n",
      " 149,\n",
      " 150,\n",
      " 151,\n",
      " 152,\n",
      " 153,\n",
      " 154,\n",
      " 155,\n",
      " 156,\n",
      " 157,\n",
      " 158,\n",
      " 159,\n",
      " 160,\n",
      " 161,\n",
      " 162,\n",
      " 163,\n",
      " 164,\n",
      " 165,\n",
      " 166,\n",
      " 167,\n",
      " 168,\n",
      " 169,\n",
      " 170,\n",
      " 171,\n",
      " 172,\n",
      " 173,\n",
      " 174,\n",
      " 175,\n",
      " 176,\n",
      " 177,\n",
      " 178,\n",
      " 179,\n",
      " 180,\n",
      " 181,\n",
      " 182,\n",
      " 183,\n",
      " 184,\n",
      " 185,\n",
      " 186,\n",
      " 187,\n",
      " 188,\n",
      " 189,\n",
      " 190,\n",
      " 191,\n",
      " 192,\n",
      " 193,\n",
      " 194,\n",
      " 195,\n",
      " 196,\n",
      " 197,\n",
      " 198,\n",
      " 199,\n",
      " 200,\n",
      " 201,\n",
      " 202,\n",
      " 203,\n",
      " 204,\n",
      " 205,\n",
      " 206,\n",
      " 207,\n",
      " 208,\n",
      " 209,\n",
      " 210,\n",
      " 211,\n",
      " 212,\n",
      " 213,\n",
      " 214,\n",
      " 215,\n",
      " 216,\n",
      " 217,\n",
      " 218,\n",
      " 219,\n",
      " 220,\n",
      " 221,\n",
      " 222,\n",
      " 223,\n",
      " 224,\n",
      " 225,\n",
      " 226,\n",
      " 227,\n",
      " 228,\n",
      " 229,\n",
      " 230,\n",
      " 231,\n",
      " 232,\n",
      " 233,\n",
      " 234,\n",
      " 235,\n",
      " 236,\n",
      " 237,\n",
      " 238,\n",
      " 239,\n",
      " 240,\n",
      " 241,\n",
      " 242,\n",
      " 243,\n",
      " 244,\n",
      " 245,\n",
      " 246,\n",
      " 247,\n",
      " 248,\n",
      " 249,\n",
      " 250,\n",
      " 251,\n",
      " 252,\n",
      " 253,\n",
      " 254,\n",
      " 255,\n",
      " 256,\n",
      " 257,\n",
      " 258,\n",
      " 259,\n",
      " 260,\n",
      " 261,\n",
      " 262,\n",
      " 263,\n",
      " 264,\n",
      " 265,\n",
      " 266,\n",
      " 267,\n",
      " 268,\n",
      " 269,\n",
      " 270,\n",
      " 271,\n",
      " 272,\n",
      " 273,\n",
      " 274,\n",
      " 275,\n",
      " 276,\n",
      " 277,\n",
      " 278,\n",
      " 279,\n",
      " 280,\n",
      " 281,\n",
      " 282,\n",
      " 283,\n",
      " 284,\n",
      " 285,\n",
      " 286,\n",
      " 287,\n",
      " 288,\n",
      " 289,\n",
      " 290,\n",
      " 291,\n",
      " 292,\n",
      " 293,\n",
      " 294,\n",
      " 295,\n",
      " 296,\n",
      " 297,\n",
      " 298,\n",
      " 299,\n",
      " 300,\n",
      " 301,\n",
      " 302,\n",
      " 303,\n",
      " 304,\n",
      " 305,\n",
      " 306,\n",
      " 307,\n",
      " 308,\n",
      " 309,\n",
      " 310,\n",
      " 311,\n",
      " 312,\n",
      " 313,\n",
      " 314,\n",
      " 315,\n",
      " 316,\n",
      " 317,\n",
      " 318,\n",
      " 319,\n",
      " 320,\n",
      " 321,\n",
      " 322,\n",
      " 323,\n",
      " 324,\n",
      " 325,\n",
      " 326,\n",
      " 327,\n",
      " 328,\n",
      " 329,\n",
      " 330,\n",
      " 331,\n",
      " 332,\n",
      " 333,\n",
      " 334,\n",
      " 335,\n",
      " 336,\n",
      " 337,\n",
      " 338,\n",
      " 339,\n",
      " 340,\n",
      " 341,\n",
      " 342,\n",
      " 343,\n",
      " 344,\n",
      " 345,\n",
      " 346,\n",
      " 347,\n",
      " 348,\n",
      " 349,\n",
      " 350,\n",
      " 351,\n",
      " 352,\n",
      " 353,\n",
      " 354,\n",
      " 355,\n",
      " 356,\n",
      " 357,\n",
      " 358,\n",
      " 359,\n",
      " 360,\n",
      " 361,\n",
      " 362,\n",
      " 363,\n",
      " 364,\n",
      " 365,\n",
      " 366,\n",
      " 367,\n",
      " 368,\n",
      " 369,\n",
      " 370,\n",
      " 371,\n",
      " 372,\n",
      " 373,\n",
      " 374,\n",
      " 375,\n",
      " 376,\n",
      " 377,\n",
      " 378,\n",
      " 379,\n",
      " 380,\n",
      " 381,\n",
      " 382,\n",
      " 383,\n",
      " 384,\n",
      " 385,\n",
      " 386,\n",
      " 387,\n",
      " 388,\n",
      " 389,\n",
      " 390,\n",
      " 391,\n",
      " 392,\n",
      " 393,\n",
      " 394,\n",
      " 395,\n",
      " 396,\n",
      " 397,\n",
      " 398,\n",
      " 399,\n",
      " 400,\n",
      " 401,\n",
      " 402,\n",
      " 403,\n",
      " 404,\n",
      " 405,\n",
      " 406,\n",
      " 407,\n",
      " 408,\n",
      " 409,\n",
      " 410,\n",
      " 411,\n",
      " 412,\n",
      " 413,\n",
      " 414,\n",
      " 415,\n",
      " 416,\n",
      " 417,\n",
      " 418,\n",
      " 419,\n",
      " 420,\n",
      " 421,\n",
      " 422,\n",
      " 423,\n",
      " 424,\n",
      " 425,\n",
      " 426,\n",
      " 427,\n",
      " 428,\n",
      " 429,\n",
      " 430,\n",
      " 431,\n",
      " 432,\n",
      " 433,\n",
      " 434,\n",
      " 435,\n",
      " 436,\n",
      " 437,\n",
      " 438,\n",
      " 439,\n",
      " 440,\n",
      " 441,\n",
      " 442,\n",
      " 443,\n",
      " 444,\n",
      " 445,\n",
      " 446,\n",
      " 447,\n",
      " 448,\n",
      " 449,\n",
      " 450,\n",
      " 451,\n",
      " 452,\n",
      " 453,\n",
      " 454,\n",
      " 455,\n",
      " 456,\n",
      " 457,\n",
      " 458,\n",
      " 459,\n",
      " 460,\n",
      " 461,\n",
      " 462,\n",
      " 463,\n",
      " 464,\n",
      " 465,\n",
      " 466,\n",
      " 467,\n",
      " 468,\n",
      " 469,\n",
      " 470,\n",
      " 471,\n",
      " 472,\n",
      " 473,\n",
      " 474,\n",
      " 475,\n",
      " 476,\n",
      " 477,\n",
      " 478,\n",
      " 479,\n",
      " 480,\n",
      " 481,\n",
      " 482,\n",
      " 483,\n",
      " 484,\n",
      " 485,\n",
      " 486,\n",
      " 487,\n",
      " 488,\n",
      " 489,\n",
      " 490,\n",
      " 491,\n",
      " 492,\n",
      " 493,\n",
      " 494,\n",
      " 495,\n",
      " 496,\n",
      " 497,\n",
      " 498,\n",
      " 499,\n",
      " 500,\n",
      " 501,\n",
      " 502,\n",
      " 503,\n",
      " 504,\n",
      " 505,\n",
